spot_light     124      60  1 1 1   0 0.0577001 0.0365521   0.296247 0.296247 -0.908006   2 1.57    0 0 1
point_light    127      60  1 1 1   0 0.0243737 0.150034     0 0 1
line_light     175      30  1 1 1   0.191721 0.0817346 0.0504135   0.0579734 0.078562 0.0501863   -0.00276348  0.0177957 -0.999838    1 1.57    0 0 1
line_light     175      30  1 1 1   -0.191721 0.0817346 0.0504135   -0.0579734 0.078562 0.0501863   -0.00276348  0.0177957 -0.999838    1 1.57    0 0 1
spot_light     176      60  1 1 1   0 0.0481879 0.0265344    0 0.612798 -0.790239    2 1.57    0 0 1
line_light     178      60  1 1 1   -0.0108832 0.235037 0.092645   -0.12495 0.334517 0.092645   0 0 -1   1 1.57    0 0 1
line_light     179      30  1 1 1   0.171386 0.16793 0.00878006   0.0694693 0.169139 0.010838   0 0 -1   1 1.57    0 0 1
line_light     179      30  1 1 1   -0.171386 0.16793 0.00878006   -0.0694693 0.169139 0.010838   0 0 -1   1 1.57    0 0 1
spot_light     180      60  1 1 1  0.141171 0.0673025 0.28595   0 0 -1    1 1.57    0 0 1
spot_light     180      60  1 1 1  -0.128623 0.0688596 0.28595   0 0 -1    1 1.57    0 0 1
spot_light     240      60  1 1 1   0 0.570644 1.53636   0 0 -1    2 1.57    0 0 1
spot_light     256      60  1 1 1   0 0.0601564 0.365678   -0.121031 0.538638 -0.833799    2 1.57    0 0 1
point_light    377      60  1 1 1   0 0 1.59      0 0 1
point_light    378      60  1 1 1   0.45 0 2.25       0 0 1
point_light    378      60  1 1 1   -0.45 0 2.25       0 0 1
point_light    381      60  1 1 1   0 0 0.6       0 0 1
point_light    394      60  1 1 1   0 0 0.45       0 0 1
spot_light     419      60  1 1 1   0 0.0938227 0.340541  -1.02618e-05 0.278631 -0.960398   2 1.57    0 0 1
spot_light     421      30  1 1 1   0 0 0.221988   0 0 1    3 1.57    0 0 1
spot_light     421      30  1 1 1   0 0 0.221988   0 0 -1    2 1.57    0 0 1
spot_light     422      15  1 1 1   -0.04 0 0.286107    0 0 1     1 1    0 0 1
spot_light     422      15  1 1 1   -0.04 0 0.286107    0 0 -1     1 1    0 0 1
spot_light     422      15  1 1 1   0.04 0 0.286107     0 0 1     1 1    0 0 1
spot_light     422      15  1 1 1   0.04 0 0.286107     0 0 -1     1 1    0 0 1
spot_light     423      60  1 1 1   -0.0125524 0.102678 0.282488    0 0.416528 -0.909123    1 1.25     0 0 1
spot_light     515      60  1 1 1   0 0.266253 0.626232  0 0 -1     2 1.57    0 0 1
spot_light     520      60  1 1 1   0 0.699385 1.49888   0 0 -1     2 1.57    0 0 1
spot_light     521      30  1 1 1   0 0 1.55659   0 0 -1     2 1.57    0 0 1
spot_light     521      30  1 1 1   0 0 1.55659   0 0 1     2 1.57    0 0 1
spot_light     523      30  1 1 1   0 0 1.46   0 0 -1     2 1.57    0 0 1
spot_light     523      30  1 1 1   0 0 1.46   0 0 1     3 1.57    0 0 1
spot_light     524      30  1 1 1    0.1 0 1.31971   0 0 1     3 1.57    0 0 1
spot_light     524      30  1 1 1    0.1 0 1.31971   0 0 -1     3 1.57    0 0 1
spot_light     524      30  1 1 1    -0.1 0 1.31971  0 0 1     3 1.57     0 0 1
spot_light     524      30  1 1 1    -0.1 0 1.31971  0 0 -1     3 1.57    0 0 1
point_light    531      20  1 1 1   -0.1 0 0.5       0 0 1
point_light    531      20  1 1 1   0 0 0.5       0 0 1
point_light    531      20  1 1 1   0.1 0 0.5       0 0 1
spot_light     626      30  1 1 1  0.139915 0.25257 0.365031       0 0 -1     2 1.57    0 0 1
spot_light     626      30  1 1 1  0.139915 0.25257 0.365031       0 0 1      3 1.57    0 0 1
spot_light     626      30  1 1 1  -0.15064 0.248058 0.364378      0 0 -1     2 1.57    0 0 1
spot_light     626      30  1 1 1  -0.15064 0.248058 0.364378      0 0 1      3 1.57    0 0 1
spot_light     626      30  1 1 1  -0.287697 -0.0011324 0.365786   0 0 -1     2 1.57    0 0 1
spot_light     626      30  1 1 1  -0.287697 -0.0011324 0.365786   0 0 1      3 1.57    0 0 1
spot_light     626      30  1 1 1  -0.145923 -0.246192 0.365372    0 0 -1     2 1.57    0 0 1
spot_light     626      30  1 1 1  -0.145923 -0.246192 0.365372    0 0 1      3 1.57    0 0 1
spot_light     626      30  1 1 1  0.141357 -0.245906 0.365787     0 0 -1     2 1.57    0 0 1
spot_light     626      30  1 1 1  0.141357 -0.245906 0.365787     0 0 1      3 1.57    0 0 1
spot_light     626      30  1 1 1  0.284879 -0.00303673 0.365586   0 0 -1     2 1.57    0 0 1
spot_light     626      30  1 1 1  0.284879 -0.00303673 0.365586   0 0 1      3 1.57    0 0 1
point_light    627      15  1 1 1   -0.12 0.12 0.1              0 0 1
point_light    627      15  1 1 1   0.12 -0.12 0.1                  0 0 1
point_light    627      15  1 1 1   0.12 0.12 0.1               0 0 1
point_light    627      15  1 1 1   -0.12 -0.12 0.1             0 0 1
spot_light     628      12  1 1 1    1.12213 0.000103465 0.0721512     0 0 -1     2 1.57    0 0 1
spot_light     628      12  1 1 1    0.567875 0.00699354 0.0755209     0 0 -1     2 1.57    0 0 1
spot_light     628      12  1 1 1    0.00595272 0.00549122 0.0746077   0 0 -1     2 1.57    0 0 1
spot_light     628      12  1 1 1    -0.557444 -0.00290034 0.073011    0 0 -1     2 1.57    0 0 1
spot_light     628      12  1 1 1    -1.10325 -0.00869914 0.08054      0 0 -1     2 1.57    0 0 1
spot_light     629      30  1 1 1   0 0 0.35   0 0 -1     2 1.57    0 0 1
spot_light     629      30  1 1 1   0 0 0.35   0 0 1      3 1.57    0 0 1
spot_light     630      60  1 1 1   0 0 0.07581  0 0 -1     3 1.57    0 0 1
spot_light     631      60  1 1 1    0.247337 0.222639 0.0382589    0 0 -1     2 1.57    0 0 1
spot_light     631      60  1 1 1    -0.000998015 -0.201438 0.0395167   0 0 -1     2 1.57    0 0 1
spot_light     631      60  1 1 1    -0.24456 0.220888 0.0374387   0 0 -1     2 1.57    0 0 1
spot_light     632      60  1 1 1   -0.0778716 0.225259 0.0820464    0.339829 0.903441 -0.261362  2 1.57    0 0 1
spot_light     632      60  1 1 1   -0.0809913 0.22572 -0.0800293    0.277689 0.910894 0.305222   2 1.57    0 0 1
spot_light     632      60  1 1 1   0.0766835 0.224169 -0.0799763    -0.408756 0.871698 0.270299  2 1.57    0 0 1
spot_light     632      60  1 1 1   0.0836694 0.224237 0.0743878    -0.270298 0.871699 -0.408754  2 1.57    0 0 1
point_light    633      12  1 1 1    0.264476 -0.00374285 0.120494        0 0 1
point_light    633      12  1 1 1    0.132434 -0.000768556 0.119489       0 0 1
point_light    633      12  1 1 1    0.00111478 -0.00345924 0.120613      0 0 1
point_light    633      12  1 1 1    -0.131928 -0.00281779 0.120051       0 0 1
point_light    633      12  1 1 1    -0.262411 -0.000492623 0.119782      0 0 1
spot_light     636      60  1 1 1   0.169526 -0.00389058 0.000563162    0 0 -1     1 1.57    0 0 1
spot_light     636      60  1 1 1  -0.169404 0.00489529 0.000703727    0 0 -1     1 1.57    0 0 1
spot_light     649      30  1 1 1   0.25 0 0.25    0 0 -1     2 1.57    0 0 1
spot_light     649      30  1 1 1   0.25 0 0.25    0 0 1      2 1.57    0 0 1
spot_light     649      30  1 1 1   -0.25 0 0.25    0 0 -1     2 1.57    0 0 1
spot_light     649      30  1 1 1   -0.25 0 0.25    0 0 1      2 1.57    0 0 1
spot_light     683      30  1 1 1   0.0 0 0.337562   0 0 -1     2 1.57    0 0 1
spot_light     683      30  1 1 1   0.0 0 0.337562   0 0 1     3 1.57    0 0 1
spot_light     684      30  1 1 1   0.0 0 0.337562   0 0 -1     2 1.57    0 0 1
spot_light     684      30  1 1 1   0.0 0 0.337562   0 0 1     3 1.57    0 0 1
point_light    685      60  1 1 1   0 0.0197585 0.2707     0 0 1
point_light    691      60  1 1 1   0 0.0217191 0.05    0 0 1
spot_light     s__1024  60  1 1 1  0 0.0814644 0.0258835    0.0311461 0.501824 -0.864409  2 1.57    0 0 1
spot_light     s__1025  45  1 1 1      0.0 0 0.8   0 0 -1     2 1.57    0 0 1
spot_light     s__1025  15  1 1 1   0.0 0 0.8   0 0  1     3 1.57    0 0 1
point_light    s__1026  60  1 1 1   0 0 0.25    0 0 1
spot_light     s__1027  60  1 1 1   0 0 0    0 0 -1     1 1.57    0 0 1
spot_light     s__1028  60  1 1 1   -0.0183482 0.0861564 0.0372488   -0.0235888 0.241651 -0.970077  2 1.57    0 0 1
spot_light     s__1059  60  1 1 1   0 0 0.05    0 0 -1     2 1.57    0 0 1
point_light    s__1069  60  1 1 1   0 0 0.1    0 0 1
spot_light     s__1070  60  1 1 1   0 -0.0523763 0.0620732  0 0 -1  2 1.57    0 0 1
spot_light     s__1070  60  1 1 1   0 0.0499783 0.387893   0 0 -1  2 1.57    0 0 1
point_light    s__1071  60  1 1 1   0 0 0.1    0 0 1
point_light    s__1072  60  1 1 1   0 0.02 0.1    0 0 1
spot_light     s__1081  30  1 1 1    0.192634 0.0470985 0.244689      0 0 1  2 1.57    0 0 1
spot_light     s__1081  30  1 1 1    -0.00312449 0.184108 0.246781    0 0 1  2 1.57    0 0 1
spot_light     s__1081  30  1 1 1    -0.196555 0.0501479 0.247426     0 0 1  2 1.57    0 0 1
spot_light     s__1081  30  1 1 1    -0.132363 -0.183095 0.243507     0 0 1  2 1.57    0 0 1
spot_light     s__1081  30  1 1 1    0.112262 -0.181748 0.240705      0 0 1  2 1.57    0 0 1
spot_light     s__1087  60  1 1 1    1.88552 0.0246164 0.0695523    0.520808 0.219457 -0.824984      2 1.57    0 0 1
spot_light     s__1087  60  1 1 1    0.772576 0.040143 0.0766394    -0.180733 0.832599 -0.523559      2 1.57    0 0 1
spot_light     s__1087  60  1 1 1    -0.0490761 -0.0330385 0.0678739    -0.516726 -0.229122 -0.824923      2 1.57    0 0 1
spot_light     s__1087  60  1 1 1    -0.83307 -0.0274043 0.0679314    0.520897 -0.219445 -0.82493      2 1.57    0 0 1
spot_light     s__1087  60  1 1 1    -1.78717 0.0315078 0.0645641    -0.213242 0.523505 -0.824906      2 1.57    0 0 1
spot_light     s__1102  60  1 1 1   0 0.121382 1.10976    0.000132058 0.524193 -0.8516   2 1.57    0 0 1
spot_light     s__1103  30  1 1 1   0.00227149 0.00628917 0.211527   0 0 -1  2 1.57    0 0 1
spot_light     s__1103  30  1 1 1   0.00227149 0.00628917 0.211527   0 0 1  2 1.57    0 0 1
point_light    s__1108  60  1 1 1   0 0.04 0.15    0 0 1
point_light    s__1114  20  1 1 1     -0.0388341 0.0205489 0.237917      0 0 1
point_light    s__1114  20  1 1 1     0.039222 0.0202055 0.238485     0 0 1
point_light    s__1114  20  1 1 1     0.0011457 -0.0469704 0.236976    0 0 1
spot_light     s__1115  30  1 1 1   0 0 0.7   0 0 1  2 1.57    0 0 1
spot_light     s__1115  30  1 1 1   0 0 0.7   0 0 -1  2 1.57    0 0 1
spot_light     s__1116  30  1 1 1   0 0 1.4   0 0 1  2 1.57    0 0 1
spot_light     s__1116  30  1 1 1   0 0 1.4   0 0 -1  2 1.57    0 0 1
point_light    s__1128  10  1 1 1    0.195275 0.157289 0.152902      0 0 1
point_light    s__1128  10  1 1 1    0.225208 -0.101727 0.152902     0 0 1
point_light    s__1128  10  1 1 1    0.0308432 -0.253165 0.152902    0 0 1
point_light    s__1128  10  1 1 1    -0.195968 -0.156083 0.152902    0 0 1
point_light    s__1128  10  1 1 1    -0.237693 0.0950542 0.152902    0 0 1
point_light    s__1128  10  1 1 1    -0.0427221 0.251799 0.152902    0 0 1
spot_light     s__1139  30  1 1 1   0 0.043945 0.336447   0 0 1   3 1.57    0 0 1
spot_light     s__1139  30  1 1 1   0 0.043945 0.336447   0 0 -1   2 1.57    0 0 1
spot_light     s__1140  30  1 1 1   -0.16 0.045 0.3   0 0 1   3 1.57    0 0 1
spot_light     s__1140  30  1 1 1   -0.16 0.045 0.3   0 0 -1   2 1.57    0 0 1
spot_light     s__1140  30  1 1 1   0.16 0.045 0.3   0 0 1   3 1.57    0 0 1
spot_light     s__1140  30  1 1 1   0.16 0.045 0.3   0 0 -1   2 1.57    0 0 1
point_light    s__1152  60  1 1 1   0 0 0.1    0 0 1
spot_light     s__1153  60  1 1 1  0 0 0.4   0 0 -1   2 1.57    0 0 1
point_light    s__1154  60  1 1 1   0 0 0.1    0 0 1
spot_light     s__1155  60  1 1 1   0 0.0142567 0.032015  0 0 -1   2 1.57    0 0 1
spot_light     s__1160  30  1 1 1   0 0 0.54765  0 0 1  2 1.57    0 0 1
spot_light     s__1160  30  1 1 1   0 0 0.54765  0 0 -1  2 1.57    0 0 1
spot_light     s__1174  30  1 1 1   0 0 1.6  0 0 1  2 1.57    0 0 1
spot_light     s__1174  30  1 1 1   0 0 1.6  0 0 -1  2 1.57    0 0 1
point_light    s__1178  60  1 1 1   0 0 0.25    0 0 1
point_light    s__1255  60  1 1 1   0 0 0.2    0 0 1
spot_light     s__1256  60  1 1 1      0.352155 0.0110448 0.0660465    0 0 -1  2 1.57    0 0 1
spot_light     s__1256  60  1 1 1      0.119026 0.0121271 0.0660918    0 0 -1  2 1.57    0 0 1
spot_light     s__1256  60  1 1 1      -0.117518 0.0125849 0.0657826   0 0 -1  2 1.57    0 0 1
spot_light     s__1256  60  1 1 1      -0.352617 0.0148562 0.0660278   0 0 -1  2 1.57    0 0 1
spot_light     s__1257  60  1 1 1       0 0.3 0.4  0 0 1   2 1.57     0 0 1
spot_light     s__1268  30  1 1 1      0 0.0235158 0.365299   0 0 -1  2 1.57    0 0 1
spot_light     s__1268  30  1 1 1      0 0.0235158 0.365299   0 0 1  3 1.57    0 0 1
spot_light     s__1271  30  1 1 1      0 0.013 0.2   0 0 -1  2 1.57    0 0 1
spot_light     s__1271  30  1 1 1      0 0.013 0.2   0 0 1  2 1.57    0 0 1
point_light    s__1274  60  1 1 1   0 0.02 0.3    0 0 1
point_light    s__1278  60  1 1 1   0 0.07 0.4    0 0 1
spot_light     s__1280  30  1 1 1      -0.11 0 0.3   0 0 -1  2 1.57    0 0 1
spot_light     s__1280  30  1 1 1      -0.11 0 0.3   0 0 1  2 1.57    0 0 1
spot_light     s__1280  30  1 1 1      0.11 0 0.3   0 0 -1  2 1.57    0 0 1
spot_light     s__1280  30  1 1 1      0.11 0 0.3   0 0 1  2 1.57    0 0 1
point_light    s__1282  60  1 1 1   0 0 0.16    0 0 1
point_light    s__1292  15  1 1 1   0.0782409 -0.26674 0.478989       0 0 1
point_light    s__1292  15  1 1 1   -0.0766834 -0.266292 0.473817     0 0 1
point_light    s__1292  15  1 1 1   -0.185095 -0.201196 0.455108      0 0 1
point_light    s__1292  15  1 1 1   -0.267835 -0.0605512 0.467037     0 0 1
point_light    s__1292  15  1 1 1   -0.277689 0.0715606 0.426641      0 0 1
point_light    s__1292  15  1 1 1   -0.198232 0.208013 0.463892       0 0 1
point_light    s__1292  15  1 1 1   -0.0815211 0.268807 0.482947      0 0 1
point_light    s__1292  15  1 1 1   0.0821143 0.269858 0.479205       0 0 1
point_light    s__1292  15  1 1 1   0.191472 0.19907 0.470073         0 0 1
point_light    s__1292  15  1 1 1   0.277414 0.0649482 0.472697       0 0 1
point_light    s__1292  15  1 1 1   0.270482 -0.061677 0.476026       0 0 1
point_light    s__1292  15  1 1 1   0.0806024 -0.130857 0.595968      0 0 1
point_light    s__1292  15  1 1 1   -0.0775968 -0.12571 0.589641      0 0 1
point_light    s__1292  15  1 1 1   -0.151462 0.00162316 0.605126     0 0 1
point_light    s__1292  15  1 1 1   -0.075994 0.133356 0.605405       0 0 1
point_light    s__1292  15  1 1 1   0.0717442 0.128116 0.593672       0 0 1
point_light    s__1292  15  1 1 1   0.151542 0.00563807 0.59226       0 0 1
spot_light     s__1296  30  1 1 1      0 0 1.8   0 0 -1  2 1.57    0 0 1
spot_light     s__1296  30  1 1 1      0 0 1.8   0 0 1  2 1.57    0 0 1
spot_light     s__1297  30  1 1 1      0 0 0.8   0 0 -1  2 1.57    0 0 1
spot_light     s__1297  30  1 1 1      0 0 0.8   0 0 1  2 1.57    0 0 1
spot_light     s__1306  15  1 1 1      -0.1 0 0.5   0 0 -1  2 1.57    0 0 1
spot_light     s__1306  15  1 1 1      -0.1 0 0.5   0 0 1  2 1.57    0 0 1
spot_light     s__1306  15  1 1 1      0.1 0 0.5   0 0 -1  2 1.57    0 0 1
spot_light     s__1306  15  1 1 1      0.1 0 0.5   0 0 1  2 1.57    0 0 1
spot_light     s__1310  30  1 1 1      0 0.04 0.35   0 0 -1  2 1.57    0 0 1
spot_light     s__1310  30  1 1 1      0 0.04 0.35   0 0 1  3 1.57    0 0 1
spot_light     s__1311  30  1 1 1      0 0 0.5   0 0 -1  2 1.57    0 0 1
spot_light     s__1311  30  1 1 1      0 0 0.5   0 0 1  3 1.57    0 0 1
spot_light     s__1318  30  1 1 1      0 0 0.63   0 0 -1  2 1.57    0 0 1
spot_light     s__1318  30  1 1 1      0 0 0.63   0 0 1  2 1.57    0 0 1
spot_light     s__1329  30  1 1 1      0 0.05 0.27   0 0 -1  2 1.57    0 0 1
spot_light     s__1329  30  1 1 1      0 0.05 0.27   0 0 1  2 1.57    0 0 1
point_light    s__1333  60  1 1 1    0 0 0.1       0 0 1
spot_light     s__1341  30  1 1 1      0 0 0.55   0 0 -1  2 1.57    0 0 1
spot_light     s__1341  30  1 1 1      0 0 0.55   0 0 1  3 1.57    0 0 1
point_light    s__1342  60  1 1 1    0 0 0.14       0 0 1
point_light    s__1542  60  1 1 1   0 0.5 0.25    0 0 1
point_light    s__1557  60  1 1 1   0 0 0.25    0 0 1
spot_light     s__1558  30  1 1 1      0.08 0 0.3   0 0 -1  2 1.57    0 0 1
spot_light     s__1558  30  1 1 1      0.08 0 0.3   0 0 1  2 1.57    0 0 1
spot_light     s__1558  30  1 1 1      -0.08 0 0.3   0 0 -1  2 1.57    0 0 1
spot_light     s__1558  30  1 1 1      -0.08 0 0.3   0 0 1  2 1.57    0 0 1
line_light     s__1675  60  1 1 1   0 0.013 1.16   0 0.16  1.16   0 0 -1  1 1.57    0 0 1
spot_light     s__1676  30  1 1 1       0 -0.247854 0.3           0 0 -1   2 1.57    0 0 1
spot_light     s__1676  30  1 1 1       0 -0.247854 0.3           0 0 1   2 1.57    0 0 1
spot_light     s__1676  30  1 1 1       0.273406 -0.0474317 0.3   0 0 -1   2 1.57       0 0 1
spot_light     s__1676  30  1 1 1       0.273406 -0.0474317 0.3   0 0 1   2 1.57       0 0 1
spot_light     s__1676  30  1 1 1       0.166069 0.259944 0.3     0 0 -1   2 1.57       0 0 1
spot_light     s__1676  30  1 1 1       0.166069 0.259944 0.3     0 0 1   2 1.57       0 0 1
spot_light     s__1676  30  1 1 1       -0.161822 0.265481 0.3    0 0 -1   2 1.57      0 0 1
spot_light     s__1676  30  1 1 1       -0.161822 0.265481 0.3    0 0 1   2 1.57      0 0 1
spot_light     s__1676  30  1 1 1       -0.269058 -0.055068 0.3   0 0 -1   2 1.57      0 0 1
spot_light     s__1676  30  1 1 1       -0.269058 -0.055068 0.3   0 0 1   2 1.57      0 0 1
spot_light     s__1677  30  1 1 1      0 0 0.43   0 0 -1  2 1.57    0 0 1
spot_light     s__1677  30  1 1 1      0 0 0.43   0 0 1  2 1.57    0 0 1
spot_light     s__1678  30  1 1 1      0 0 0.5   0 0 -1  2 1.57    0 0 1
spot_light     s__1678  30  1 1 1      0 0 0.5   0 0 1  2 1.57    0 0 1
point_light    s__1699  20  1 1 1    0.345197 0.342994 0.08    0 0 1
point_light    s__1699  20  1 1 1    0.462211 0.408207 0.23    0 0 1
point_light    s__1699  20  1 1 1    0.353217 0.354265 0.37    0 0 1
point_light    s__1699  20  1 1 1    -0.00234057 -0.253325 0.08    0 0 1
point_light    s__1699  20  1 1 1    0.00777526 -0.407128 0.23    0 0 1
point_light    s__1699  20  1 1 1    0.0149326 -0.25289 0.37    0 0 1
point_light    s__1699  20  1 1 1    -0.00943586 0.154912 0.26    0 0 1
point_light    s__1699  20  1 1 1    -0.335597 0.336501 0.08    0 0 1
point_light    s__1699  20  1 1 1    -0.462788 0.412632 0.23    0 0 1
point_light    s__1699  20  1 1 1    -0.3478 0.354691 0.37    0 0 1
point_light    s__1703  60  1 1 1    0 0 0.44    0 0 1
spot_light     s__1707  60  1 1 1    0 0 0.17   0 0 -1   2 1.57    0 0 1
spot_light     s__1708  60  1 1 1    0 0 0.11   0 0 -1   1 2.5     0 0 1
spot_light     s__1709  30  1 1 1      0 0 1.4   0 0 -1  2 1.57    0 0 1
spot_light     s__1709  30  1 1 1      0 0 1.4   0 0 1  2 1.57    0 0 1
spot_light     s__1719  30  1 1 1      0 0.55 1.86   0 0 -1   2 1.57    0 0 1
spot_light     s__1719  30  1 1 1      0 0.55 1.86  0 0 1  2 1.57    0 0 1
spot_light     s__1721  60  1 1 1    0 0 0.3   0 0 -1   1 1.57    0 0 1
point_light    s__1838  60  1 1 1    0 0 0.53    0 0 1
spot_light     s__1839  30  1 1 1      0.275 0 0.22   0 0 -1  2 1.57    0 0 1
spot_light     s__1839  30  1 1 1      0.275 0 0.22   0 0 1  2 1.57    0 0 1
spot_light     s__1839  30  1 1 1      -0.275 0 0.22   0 0 -1  2 1.57    0 0 1
spot_light     s__1839  30  1 1 1      -0.275 0 0.22   0 0 1  2 1.57    0 0 1
spot_light     s__1840  30  1 1 1      0 0 0.11   0 0 -1  2 1.57    0 0 1
spot_light     s__1840  30  1 1 1      0 0 0.11   0 0 1  2 1.57    0 0 1
point_light    s__1841  60  1 1 1    0 0 0.18    0 0 1
point_light    s__1860  30  1 1 1    0 0 0.82    0 0 1
point_light    s__1861  30  1 1 1    0 0 0.3    0 0 1
point_light    s__1862  30  1 1 1    0 0 0.7    0 0 1
point_light    s__1864  30  1 1 1    0 0.07 0.37    0 0 1
point_light    s__1878  10  1 1 1     0.00232884 0.175556 1.49944     0 0 1
point_light    s__1878  10  1 1 1     0.153786 0.0915727 1.5222       0 0 1
point_light    s__1878  10  1 1 1     0.158601 -0.0991155 1.51763     0 0 1
point_light    s__1878  10  1 1 1     0.00118638 -0.184774 1.52617    0 0 1
point_light    s__1878  10  1 1 1     -0.156664 -0.0944352 1.52636    0 0 1
point_light    s__1878  10  1 1 1     -0.157987 0.0856771 1.51446     0 0 1
spot_light     s__1880  30  1 1 1      0 0 0.53   0 0 -1  2 1.57    0 0 1
spot_light     s__1880  30  1 1 1      0 0 0.53   0 0 1  2 1.57    0 0 1
point_light    s__1881  12  1 1 1       0.329464 -0.0692387 0.497561      0 0 1
point_light    s__1881  12  1 1 1       0.00357915 -0.313117 0.501098     0 0 1
point_light    s__1881  12  1 1 1       -0.322476 -0.0721839 0.492081     0 0 1
point_light    s__1881  12  1 1 1       -0.196536 0.31275 0.490097        0 0 1
point_light    s__1881  12  1 1 1       0.208696 0.314706 0.493803        0 0 1
point_light    s__1913  60  1 1 1    0 0 0.32    0 0 1
point_light    s__1914  60  1 1 1    0 0 0.08    0 0 1
point_light    s__1917  60  1 1 1    0 0.04 0.19    0 0 1
spot_light     s__1921  60  1 1 1   0 -0.04 0.16  0 0 -1  2 1.57    0 0 1
spot_light     s__1935  60  1 1 1   0 0 0.056  0 0 -1  2 1.57    0 0 1
point_light    s__1977  15  1 1 1     0.162462 0.161153 0.485054        0 0 1
point_light    s__1977  15  1 1 1     0.226999 -0.00335767 0.480742     0 0 1
point_light    s__1977  15  1 1 1     0.170178 -0.163744 0.472356       0 0 1
point_light    s__1977  15  1 1 1     0.00413285 -0.23137 0.479829      0 0 1
point_light    s__1977  15  1 1 1     -0.159166 -0.162762 0.482287      0 0 1
point_light    s__1977  15  1 1 1     -0.225278 -0.00544412 0.47302     0 0 1
point_light    s__1977  15  1 1 1     -0.163408 0.156919 0.477928       0 0 1
point_light    s__1977  15  1 1 1     -0.00464305 0.222268 0.468097     0 0 1
spot_light     s__1983  30  1 1 1      0 0 0.78   0 0 -1  2 1.57    0 0 1
spot_light     s__1983  30  1 1 1      0 0 0.78   0 0 1  2 1.57    0 0 1
spot_light     s__2008  30  1 1 1      0 0 0.41   0 0 -1  2 1.57    0 0 1
spot_light     s__2008  30  1 1 1      0 0 0.41   0 0 1  3 1.57    0 0 1
spot_light     s__2009  30  1 1 1      0 0 0.48   0 0 -1  2 1.57    0 0 1
spot_light     s__2009  30  1 1 1      0 0 0.48   0 0 1  3 1.57    0 0 1
spot_light     s__2024  60  1 1 1   0 -0.04 0.3   0 0 1  1 1.57    0 0 1
point_light    s__2026  30  1 1 1    0 0 0.4    0 0 1
spot_light     s__2028  30  1 1 1      0 0 0.66   0 0 -1  2 1.57    0 0 1
spot_light     s__2028  30  1 1 1      0 0 0.66   0 0 1  3 1.57    0 0 1
point_light    s__2369  60  1 1 1    0 0 0.02    0 0 1
spot_light     s__2370  60  1 1 1   0 0 0.07   0 0 -1  1 1.57    0 0 1
point_light    s__2371  60  1 1 1    0 0 0.085    0 0 1
point_light    s__2372  60  1 1 1    0 0 0.1    0 0 1
point_light    s__2373  60  1 1 1    0 0 0.25    0 0 1
point_light    s__2374  60  1 1 1    0 0 1.5    0 0 1
spot_light     s__436   60  1 1 1   0 0 0.27   0 0 -1  1 1.57    0 0 1
point_light    s__451   60  1 1 1    0 0 0.1    0 0 1
spot_light     s__474   60  1 1 1   0 0 0.08   0 0 -1  1 1.57    0 0 1
spot_light     s__478   60  1 1 1   0 0 0.1   0 0 -1  2 1.57    0 0 1
spot_light     s__479   20  1 1 1     0.136101 0.468339 0.200088    0.105574 0.347806 -0.931603    2 1.57    0 0 1
spot_light     s__479   20  1 1 1     -0.343442 0.342614 0.084969    -0.425735 0.420449 -0.801232    2 1.57    0 0 1
spot_light     s__479   20  1 1 1     -0.493287 -0.114792 0.201525    -0.461265 -0.2504 -0.851196    2 1.57    0 0 1
spot_light     s__479   20  1 1 1     -0.161844 -0.472958 0.171166    -0.262521 -0.346541 -0.900551    2 1.57    0 0 1
spot_light     s__479   20  1 1 1     0.30233 -0.243644 0.0171001    0.194962 -0.0257579 -0.980473    2 1.57    0 0 1
spot_light     s__479   20  1 1 1     0.500426 0.0127752 0.141323    0.371793 -0.000165732 -0.928316    2 1.57    0 0 1
spot_light     s__486   60  1 1 1   0 0 0.16   0 0 -1  2 1.57    0 0 1
point_light    s__487   60  1 1 1    0 0 0.025    0 0 1
spot_light     s__488   60  1 1 1   0 0 0.33   0 0 -1  3 1.57    0 0 1
spot_light     s__505   60  1 1 1   0 0.185 1.275  0 0 -1  2 1.57    0 0 1
spot_light     s__506   60  1 1 1   0 0.243 1.22  0 0 -1  2 1.57    0 0 1
spot_light     s__507   30  1 1 1      0 0 1.33   0 0 -1  2 1.57    0 0 1
spot_light     s__507   30  1 1 1      0 0 1.33   0 0 1  3 1.57    0 0 1
spot_light     s__508   60  1 1 1   0 0.0268414 1.27244    0 0.322328 -0.946628   2 1.57    0 0 1
spot_light     s__509   60  1 1 1   -0.0024261 0.105829 1.13689    -0.000197164 0.180565 -0.983563   2 1.57    0 0 1
spot_light     s__580   30  1 1 1      0 0 0.21   0 0 -1  2 1.57    0 0 1
spot_light     s__580   30  1 1 1      0 0 0.21   0 0 1  3 1.57    0 0 1
spot_light     s__677   30  1 1 1      0 0 1   0 0 -1  2 1.57    0 0 1
spot_light     s__677   30  1 1 1      0 0 1   0 0 1  2 1.57    0 0 1
spot_light     s__678   60  1 1 1   0 0.28 1.26    0 0 -1   2 1.57    0 0 1
spot_light     s__679   60  1 1 1   0 0 1.55    0 0 1   2 1.57    0 0 1
spot_light     s__709   60  1 1 1   0 0 1.67    0 0 1   2 1.57    0 0 1
spot_light     s__711   60  1 1 1   0 0.83 1.94    0 0 -1   2 1.57    0 0 1
spot_light     s__712   60  1 1 1   0 0.39 1.51    0 0 -1   2 1.57    0 0 1
spot_light     s__713   30  1 1 1     -0.100058 0.109536 1.69006    -0.286881 0.49649 0.819266    2 1.57    0 0 1
spot_light     s__713   30  1 1 1     0.0865411 -0.00184202 1.6914    0.573615 0.000542422 0.819125    2 1.57    0 0 1
spot_light     s__713   30  1 1 1     -0.0947258 -0.107897 1.69292    -0.286898 -0.496433 0.819295    2 1.57    0 0 1
spot_light     s__742   60  1 1 1   0 0.02 0.46    0 0 -1   2 1.57    0 0 1
spot_light     s__744   60  1 1 1   0 0.037 0.314    0 0.781835 -0.623486  2 1.57    0 0 1
spot_light     s__745   60  1 1 1   0 0.07 0.33    -0.00233421 0.402924 -0.915231 2 1.57    0 0 1
point_light    s__759   60  1 1 1    0.09 0 0.05    0 0 1
point_light    s__759   60  1 1 1    -0.09 0 0.05    0 0 1
point_light    s__760   60  1 1 1    0 0.01 0.1    0 0 1
spot_light     s__761   60  1 1 1   0 0.05 0.0233047    0 0.661319 -0.750105  1 1.57    0 0 1
spot_light     s__762   60  1 1 1   0 0.0205419 0.148024    0 -0.141465 -0.989943  2 1.57    0 0 1
spot_light     s__763   30  1 1 1      0 0 0.2   0 0 -1  2 1.57    0 0 1
spot_light     s__763   30  1 1 1      0 0 0.2   0 0 1  2 1.57    0 0 1
spot_light     s__764   60  1 1 1   0 0.18 0.46    0 0 -1   2 1.57    0 0 1
spot_light     s__765   60  1 1 1   0 0.12 0.36    0 0 -1   2 1.57    0 0 1
spot_light     s__766   60  1 1 1   0 0.16 0.48    0 0 -1   3 1.57    0 0 1
spot_light     s__767   60  1 1 1   0 0.2 0.47    0 0 -1   2 1.57    0 0 1
spot_light     s__768   60  1 1 1   0 0.12 1.24    0 0 -1   2 1.57    0 0 1
spot_light     s__797   30  1 1 1      0 0 0.4   0 0 -1  2 1.57    0 0 1
spot_light     s__797   30  1 1 1      0 0 0.4   0 0 1  2 1.57    0 0 1
spot_light     s__798   30  1 1 1      0 0 0.4   0 0 -1  2 1.57    0 0 1
spot_light     s__798   30  1 1 1      0 0 0.4   0 0 1  2 1.57    0 0 1
spot_light     s__799   30  1 1 1      0 0 0.5   0 0 -1  2 1.57    0 0 1
spot_light     s__799   30  1 1 1      0 0 0.5   0 0 1  2 1.57    0 0 1
point_light    s__800   60  1 1 1    0 0 0.05    0 0 1
point_light    s__801   60  1 1 1    0 0 0.05    0 0 1
point_light    517      60  1 1 1   0 0 0.5  0 0 1  
spot_light     s__1082  60  1 1 1     0 0 0   0 0 -1  2 1.57    0 0 1
point_light    s__1091  5   1 1 1   0.583499 0.114375 0.208369  0 0 1
point_light    s__1091  5   1 1 1   0.595585 -0.103426 0.187038  0 0 1  
point_light    s__1091  5   1 1 1   0.544919 -0.00375925 0.161759  0 0 1  
point_light    s__1091  5   1 1 1   0.445551 -0.107909 0.141821  0 0 1  
point_light    s__1091  5   1 1 1   0.411569 0.0425098 0.165281  0 0 1  
point_light    s__1091  5   1 1 1   0.315605 0.102215 0.208369  0 0 1  
point_light    s__1091  5   1 1 1   0.292084 -0.0259274 0.161759  0 0 1  
point_light    s__1091  5   1 1 1   0.205973 -0.116256 0.165281  0 0 1  
point_light    s__1091  5   1 1 1   0.133141 0.110172 0.147108 0 0 1  
point_light    s__1091  5   1 1 1   0.114732 -0.0296877 0.208369  0 0 1  
point_light    s__1091  5   1 1 1   -0.00409384 0.0534391 0.165281  0 0 1  
point_light    s__1091  5   1 1 1   0.00461833 -0.0899204 0.182299  0 0 1  
point_light    s__1091  5   1 1 1   -0.110058 0.0998409 0.165281  0 0 1  
point_light    s__1091  5   1 1 1   -0.1984 0.013589 0.232604  0 0 1  
point_light    s__1091  5   1 1 1   -0.170388 -0.0955175 0.161759  0 0 1  
point_light    s__1091  5   1 1 1   -0.351642 -0.108715 0.161759  0 0 1  
point_light    s__1091  5   1 1 1   -0.399289 0.00120596 0.165281  0 0 1  
point_light    s__1091  5   1 1 1   -0.343051 0.0918357 0.130713  0 0 1  
point_light    s__1091  5   1 1 1   -0.622912 0.1038 0.158289  0 0 1  
point_light    s__1091  5   1 1 1   -0.577757 0.000274615 0.13076  0 0 1  
point_light    s__1091  5   1 1 1   -0.609943 -0.0943748 0.182299  0 0 1  
spot_light     s__1109  30  1 1 1   0 0 0.67   0 0 -1  2 1.57    0 0 1
spot_light     s__1109  30  1 1 1   0 0 0.67   0 0 1  2 1.57    0 0 1
spot_light     s__1325  30  1 1 1   0 0.025 0.18   0 0 -1  2 1.57    0 0 1
spot_light     s__1325  30  1 1 1   0 0.025 0.18   0 0 1   2 1.57    0 0 1
point_light    s__1698  60  1 1 1   0 0 0.3  0 0 1  
line_light     s__1883  60  1 1 1   -0.67 0 0   -0.67 0 0   0 0 -1    1 1.57    0 0 1
point_light    s__1933  60  1 1 1   0 0 0.3  0 0 1  
line_light     s__1944  60  1 1 1   0 0 0  0 0 0.55   0 1 0   1 3.14    0 0 1
spot_light     s__1945  30  1 1 1   0 0.01 0.2   0 0 -1  4 1.57    0 0 1
spot_light     s__1945  30  1 1 1   0 0.01 0.2   0 0 1   4 1.57    0 0 1
point_light    s__1994  30  1 1 1   0 0 0.35  0 0 1  
spot_light     s__1995  60  1 1 1   0 0 1.35  0 0 -1  1 2    0 0 1
spot_light     s__2368  60  1 1 1   0 0 0.2  0 0 -1  1 2    0 0 1
spot_light     s__433   60  1 1 1   0 0 0.15  0 0 -1  1 2    0 0 1
point_light    s__586   60  1 1 1   0 0 1.0  0 0 1  
point_light    s__708   60  1 1 1   0 0 0.5  0 0 1  
point_light    s__710   60  1 1 1   0 0 0.5  0 0 1  
spot_light     s__743   60  1 1 1   0 0.141338 0.497626  -0.0288362 0.0748004 -0.996782  2 1.57    0 0 1



